i1 = imread('shed1.png');
i2 = imread('shed2.png');
imshow(i1);
imshow(i2);
uiopen('/home/mellor/class/csse461/matlab/PS4/shed_correspondences.mat',1)
cpselect(i1, i2, cpstruct);
input_points

input_points =

  414.1242   75.3747
  393.1484  110.1097
  413.3806  117.3355
  421.6387  119.6065
  422.4105  148.7389
  413.1742  146.2387
  365.2774  148.0968
  344.4258  169.1548
  449.3032  181.5419
  458.8000  207.5548
  392.4989  269.3958
  247.2968  268.2516
  252.8442  248.3768
  300.5613  169.3613
  301.1806  205.9032
  322.8581  205.6968
  322.2387  169.3613
  344.9484  206.7290
  245.6452  161.5161
  213.2323  246.1613
  155.8387  258.9613
   89.1548  247.8129
  157.0774  165.2323
   79.2452  162.3419
  149.6452  104.7419
   99.4774  263.7097

ip1 = [input_points'; ones(1, size(input_points,1))]

ip1 =

  Columns 1 through 7 

  414.1242  393.1484  413.3806  421.6387  422.4105  413.1742  365.2774
   75.3747  110.1097  117.3355  119.6065  148.7389  146.2387  148.0968
    1.0000    1.0000    1.0000    1.0000    1.0000    1.0000    1.0000

  Columns 8 through 14 

  344.4258  449.3032  458.8000  392.4989  247.2968  252.8442  300.5613
  169.1548  181.5419  207.5548  269.3958  268.2516  248.3768  169.3613
    1.0000    1.0000    1.0000    1.0000    1.0000    1.0000    1.0000

  Columns 15 through 21 

  301.1806  322.8581  322.2387  344.9484  245.6452  213.2323  155.8387
  205.9032  205.6968  169.3613  206.7290  161.5161  246.1613  258.9613
    1.0000    1.0000    1.0000    1.0000    1.0000    1.0000    1.0000

  Columns 22 through 26 

   89.1548  157.0774   79.2452  149.6452   99.4774
  247.8129  165.2323  162.3419  104.7419  263.7097
    1.0000    1.0000    1.0000    1.0000    1.0000

ip2 = [base_points'; ones(1, size(base_points,1))]

ip2 =

  Columns 1 through 7 

  344.0129  293.2258  344.2194  365.4839  366.8316  344.4258  228.5916
   59.4258  102.3677  107.3226  108.7677  142.2716  140.3548  146.9200
    1.0000    1.0000    1.0000    1.0000    1.0000    1.0000    1.0000

  Columns 8 through 14 

  263.7579  436.2968  457.7677  291.7806  179.6774  215.1871  239.3419
  167.3326  178.5484  209.1032  275.5806  264.0194  245.6452  168.0194
    1.0000    1.0000    1.0000    1.0000    1.0000    1.0000    1.0000

  Columns 15 through 21 

  239.5484  250.9032  251.1097  263.7032  175.7548  197.8452  140.3548
  204.9742  206.0065  167.1935  206.8323  160.7935  241.5161  250.3935
    1.0000    1.0000    1.0000    1.0000    1.0000    1.0000    1.0000

  Columns 22 through 26 

  117.0258  141.0800  109.5935  184.1226   97.6194
  237.8000  164.9074  162.4452  106.9097  252.4581
    1.0000    1.0000    1.0000    1.0000    1.0000

T1n = normalizePoints(ip1);
T1n

T1n =

    0.0110         0   -3.2721
         0    0.0110   -2.0120
         0         0    1.0000

T2n = normalizePoints(ip2);
ipn1 = T1n*ip1;
ipn2 = T2n*ip2;
ipn1

ipn1 =

  Columns 1 through 7 

    1.2625    1.0329    1.2544    1.3448    1.3533    1.2521    0.7277
   -1.1866   -0.8063   -0.7272   -0.7023   -0.3833   -0.4107   -0.3903
    1.0000    1.0000    1.0000    1.0000    1.0000    1.0000    1.0000

  Columns 8 through 14 

    0.4993    1.6478    1.7517    1.0257   -0.5642   -0.5035    0.0190
   -0.1597   -0.0241    0.2607    0.9379    0.9254    0.7077   -0.1575
    1.0000    1.0000    1.0000    1.0000    1.0000    1.0000    1.0000

  Columns 15 through 21 

    0.0258    0.2632    0.2564    0.5051   -0.5823   -0.9372   -1.5657
    0.2427    0.2404   -0.1575    0.2517   -0.2434    0.6835    0.8236
    1.0000    1.0000    1.0000    1.0000    1.0000    1.0000    1.0000

  Columns 22 through 26 

   -2.2959   -1.5521   -2.4044   -1.6335   -2.1829
    0.7016   -0.2027   -0.2343   -0.8651    0.8756
    1.0000    1.0000    1.0000    1.0000    1.0000

A = buildFcoef(ipn1, ipn2)

A =

  Columns 1 through 7 

    1.4847   -1.9339    1.2625   -1.3954    1.8177   -1.1866    1.1759
    0.5477   -1.0183    1.0329   -0.4276    0.7949   -0.8063    0.5303
    1.4784   -1.1577    1.2544   -0.8570    0.6711   -0.7272    1.1786
    1.9485   -1.2164    1.3448   -1.0175    0.6352   -0.7023    1.4489
    1.9839   -0.6477    1.3533   -0.5619    0.1834   -0.3833    1.4660
    1.4790   -0.6298    1.2521   -0.4851    0.2066   -0.4107    1.1812
   -0.2120   -0.3053    0.7277    0.1137    0.1637   -0.3903   -0.2914
    0.0777   -0.0799    0.4993   -0.0249    0.0256   -0.1597    0.1557
    3.8707   -0.0287    1.6478   -0.0566    0.0004   -0.0241    2.3491
    4.5932    0.6499    1.7517    0.6837    0.0967    0.2607    2.6220
    0.5251    1.2474    1.0257    0.4802    1.1406    0.9379    0.5119
    0.5152   -0.6032   -0.5642   -0.8450    0.9893    0.9254   -0.9132
    0.2325   -0.4207   -0.5035   -0.3268    0.5913    0.7077   -0.4618
   -0.0029   -0.0029    0.0190    0.0244    0.0238   -0.1575   -0.1547
   -0.0039    0.0082    0.0258   -0.0369    0.0773    0.2427   -0.1521
   -0.0020    0.0873    0.2632   -0.0019    0.0797    0.2404   -0.0077
   -0.0013   -0.0415    0.2564    0.0008    0.0255   -0.1575   -0.0051
    0.0783    0.1728    0.5051    0.0390    0.0861    0.2517    0.1550
    0.5608    0.1416   -0.5823    0.2344    0.0592   -0.2434   -0.9630
    0.6394   -0.7339   -0.9372   -0.4663    0.5352    0.6835   -0.6822
    2.2124   -1.4027   -1.5657   -1.1639    0.7379    0.8236   -1.4131
    3.9251   -1.6893   -2.2959   -1.1994    0.5162    0.7016   -1.7096
    2.1789    0.2962   -1.5521    0.2845    0.0387   -0.2027   -1.4038
    4.3378    0.5341   -2.4044    0.4228    0.0521   -0.2343   -1.8041
    1.3994    1.5161   -1.6335    0.7411    0.8029   -0.8651   -0.8567
    4.2704   -2.0129   -2.1829   -1.7131    0.8075    0.8756   -1.9563

  Columns 8 through 9 

   -1.5318    1.0000
   -0.9859    1.0000
   -0.9229    1.0000
   -0.9045    1.0000
   -0.4786    1.0000
   -0.5030    1.0000
   -0.4195    1.0000
   -0.1600    1.0000
   -0.0174    1.0000
    0.3710    1.0000
    1.2161    1.0000
    1.0691    1.0000
    0.8355    1.0000
   -0.1513    1.0000
    0.3185    1.0000
    0.3316    1.0000
   -0.1618    1.0000
    0.3421    1.0000
   -0.2431    1.0000
    0.7830    1.0000
    0.8959    1.0000
    0.7358    1.0000
   -0.1908    1.0000
   -0.2221    1.0000
   -0.9281    1.0000
    0.9221    1.0000

[u d v] = svd(A)

u =

  Columns 1 through 7 

   -0.1855   -0.2817    0.4229   -0.2772    0.0527    0.4296    0.0446
   -0.0821   -0.1778    0.2206   -0.1908    0.1612    0.0072    0.2354
   -0.1515   -0.2512    0.2036   -0.1301    0.0284   -0.0071   -0.0307
   -0.1864   -0.2832    0.1906   -0.1086   -0.0306   -0.0055   -0.1207
   -0.1685   -0.2663    0.0399   -0.0061   -0.0129   -0.1493   -0.1030
   -0.1329   -0.2322    0.0679   -0.0274    0.0412   -0.1598   -0.0366
   -0.0083   -0.0591    0.0941   -0.0946    0.2669   -0.2517    0.4929
   -0.0275   -0.0672    0.0345   -0.0130    0.2155   -0.2262   -0.0261
   -0.2807   -0.3583   -0.2399    0.1375   -0.1310   -0.0971   -0.1336
   -0.3119   -0.3801   -0.4524    0.2306   -0.1007    0.0353    0.0277
   -0.0428   -0.0887   -0.1971    0.3978    0.4086    0.4524    0.3565
   -0.1166    0.1266    0.1743    0.2863    0.2230    0.1822    0.0347
   -0.0762    0.0859    0.0981    0.2220    0.2204    0.0276   -0.2459
   -0.0269   -0.0069    0.0246   -0.0485    0.2307   -0.2102   -0.1531
   -0.0302    0.0102    0.0196    0.0928    0.2341   -0.1793   -0.1594
   -0.0250   -0.0178    0.0060    0.1105    0.2415   -0.1738   -0.0899
   -0.0244   -0.0360    0.0320   -0.0316    0.2261   -0.2186   -0.0945
   -0.0252   -0.0482   -0.0142    0.1298    0.2434   -0.1638   -0.0147
   -0.0741    0.0866   -0.0362   -0.1498    0.2377   -0.1944    0.1688
   -0.1189    0.1268    0.1242    0.1817    0.1548   -0.0181   -0.3418
   -0.2700    0.2088    0.1928    0.1712    0.0005    0.0204   -0.0599
   -0.4078    0.2569    0.1174    0.0646   -0.1712   -0.0714   -0.0661
   -0.2033    0.1726   -0.1674   -0.2189    0.1294   -0.1314    0.0942
   -0.3678    0.2365   -0.3469   -0.3133   -0.0026   -0.0431    0.1982
   -0.1236    0.1202   -0.2799   -0.4396    0.3385    0.3993   -0.3971
   -0.4504    0.2670    0.2021    0.1315   -0.1990    0.0185    0.1973

  Columns 8 through 14 

    0.1926    0.0363   -0.2755   -0.0409   -0.0029   -0.0544    0.0560
    0.3422   -0.0492    0.3067    0.3291    0.1625   -0.1428   -0.0506
   -0.0979    0.0970   -0.3506   -0.1488    0.0652    0.0802    0.0547
   -0.2553    0.0806    0.4291   -0.3478   -0.4545    0.0132   -0.0047
   -0.2557   -0.0259   -0.1268    0.3789   -0.0472    0.1828    0.0336
   -0.1816   -0.0953    0.3236    0.4095    0.2854    0.2643   -0.1084
    0.1734   -0.2839   -0.0403   -0.3786    0.0137    0.1064   -0.0994
   -0.0643    0.0719   -0.0613    0.1403   -0.0385   -0.3306   -0.3391
   -0.0863   -0.0208   -0.4136   -0.1231    0.2117   -0.0899   -0.1060
    0.3935    0.0433    0.3268   -0.1730    0.0245   -0.0573    0.0958
   -0.1625   -0.0117   -0.1244    0.2923   -0.2988   -0.0324    0.0751
   -0.2479    0.2633    0.1758   -0.2725    0.6724   -0.0390    0.0446
    0.2857   -0.0850   -0.0617   -0.0592   -0.0635    0.7599   -0.0853
   -0.0099   -0.2072   -0.0070    0.0342    0.0399   -0.1038    0.8682
   -0.0237    0.0421   -0.0150   -0.0262   -0.0834   -0.0940   -0.0702
   -0.0791   -0.5118   -0.0539   -0.0989    0.0306   -0.1598   -0.1686
   -0.0338    0.3875    0.0166    0.0348   -0.1067    0.0092   -0.0004
   -0.1314    0.0810   -0.0343   -0.1249   -0.1262   -0.0364   -0.0322
    0.0449    0.3430   -0.0077   -0.0077   -0.0488    0.0614    0.0225
    0.4082   -0.0006   -0.0755    0.0639   -0.0333   -0.2603   -0.0831
    0.0166    0.2308    0.0727    0.0078   -0.1833   -0.0734    0.0317
    0.1689   -0.0394   -0.0566    0.1577   -0.0214   -0.1018   -0.0086
    0.0199    0.0501   -0.0559    0.0293    0.0271    0.0371   -0.0229
   -0.0230    0.1361   -0.1281    0.0210    0.0229    0.1305    0.0454
   -0.1293   -0.2046    0.1520   -0.0691    0.0464   -0.0433   -0.1372
   -0.2575   -0.3273    0.0849   -0.0282   -0.0937   -0.0256   -0.0109

  Columns 15 through 21 

    0.0710    0.1545   -0.0022    0.0978   -0.0862   -0.1134   -0.1261
    0.0718   -0.0923    0.1612    0.1562    0.1625   -0.1838    0.0279
   -0.0073    0.1490   -0.1737   -0.0778   -0.0717    0.1037    0.1979
   -0.0617   -0.0728   -0.0416   -0.1240    0.0887    0.1145   -0.1493
   -0.0681    0.1138   -0.1998   -0.1131   -0.1037    0.1207   -0.2114
    0.0614   -0.0128   -0.0122    0.0829   -0.0462    0.2655    0.2450
   -0.0116   -0.2431    0.0343   -0.1262   -0.1898    0.2316    0.1359
   -0.3374   -0.2951   -0.3084   -0.2469   -0.1755   -0.3862   -0.0920
    0.0342   -0.3482    0.2924    0.0436    0.3178   -0.0373    0.1571
   -0.0180    0.1846   -0.1252   -0.0413   -0.1244   -0.1081   -0.0450
    0.0023   -0.0451    0.0478   -0.0996    0.0228    0.0916    0.0022
   -0.0473    0.0344   -0.0742   -0.0912   -0.0578   -0.0009   -0.1799
   -0.0966   -0.1212   -0.0146   -0.0414    0.0472   -0.2623   -0.0777
   -0.0857   -0.1658   -0.0232   -0.0532    0.0009   -0.1046    0.0223
    0.8963   -0.0504   -0.1160   -0.0932   -0.0798   -0.1052   -0.0716
   -0.0866    0.6801    0.0899   -0.0610    0.1272   -0.1199    0.0520
   -0.0873    0.1350    0.7629   -0.0990   -0.2286   -0.0254   -0.0973
   -0.0852   -0.0173   -0.1223    0.8897   -0.1047   -0.0242   -0.0653
   -0.0296    0.1382   -0.1665   -0.0534    0.7604    0.0404   -0.0537
   -0.1048   -0.0707   -0.0526   -0.0248    0.0147    0.6792   -0.1158
   -0.0382    0.0741   -0.0760   -0.0279   -0.0747   -0.1098    0.7766
   -0.0127    0.0024    0.0142    0.0355   -0.0112   -0.1673   -0.1932
   -0.0117    0.0302   -0.0590   -0.0109   -0.1445    0.0179   -0.0324
    0.0384    0.1414   -0.0655    0.0180   -0.2094    0.1015   -0.0680
   -0.0265   -0.1575    0.0568    0.0235    0.0478   -0.0124    0.1222
    0.0406   -0.1454    0.1735    0.0376    0.1184   -0.0058   -0.1605

  Columns 22 through 26 

   -0.2066   -0.1441   -0.2852   -0.3024   -0.0910
   -0.0647    0.2054    0.4247    0.2647   -0.0445
    0.3725    0.1691    0.2578    0.2168    0.5307
    0.0990    0.1506    0.2265   -0.1599   -0.2430
   -0.2478   -0.0519   -0.1425    0.5476   -0.2811
    0.1628   -0.1301   -0.1627   -0.4376    0.1096
    0.0947   -0.1817   -0.1937    0.1675   -0.1789
   -0.0766   -0.1296    0.0338   -0.1913    0.1753
   -0.0737    0.0749    0.0761   -0.0945   -0.2259
   -0.0442   -0.0682   -0.1877    0.0918    0.2248
    0.1810    0.0713    0.0599   -0.0786   -0.0192
   -0.0199    0.0315    0.0481    0.0638   -0.1469
   -0.0740    0.0445    0.1350   -0.0612    0.0284
   -0.0182   -0.0365    0.0210   -0.1147    0.0093
   -0.0283   -0.0358    0.0028   -0.0024    0.0317
   -0.0251    0.0258    0.1170   -0.1096   -0.1108
    0.0118   -0.0932   -0.1036    0.0582    0.1453
    0.0124   -0.0353   -0.0201    0.0527    0.0186
    0.0013   -0.1545   -0.2205    0.0047    0.0910
   -0.1325    0.0199    0.1021   -0.0464    0.0562
   -0.1875   -0.0345   -0.0534    0.1023   -0.1739
    0.6930   -0.0825   -0.1345    0.0515   -0.2591
   -0.0859    0.8117   -0.2873   -0.1506   -0.0475
   -0.1448   -0.2818    0.5061   -0.1969   -0.1156
    0.0915   -0.1159   -0.1404    0.2567    0.0603
   -0.2900   -0.0288   -0.0793    0.0677    0.4561


d =

  Columns 1 through 7 

   11.9743         0         0         0         0         0         0
         0    9.0719         0         0         0         0         0
         0         0    5.4880         0         0         0         0
         0         0         0    4.2339         0         0         0
         0         0         0         0    3.7063         0         0
         0         0         0         0         0    1.8790         0
         0         0         0         0         0         0    0.8724
         0         0         0         0         0         0         0
         0         0         0         0         0         0         0
         0         0         0         0         0         0         0
         0         0         0         0         0         0         0
         0         0         0         0         0         0         0
         0         0         0         0         0         0         0
         0         0         0         0         0         0         0
         0         0         0         0         0         0         0
         0         0         0         0         0         0         0
         0         0         0         0         0         0         0
         0         0         0         0         0         0         0
         0         0         0         0         0         0         0
         0         0         0         0         0         0         0
         0         0         0         0         0         0         0
         0         0         0         0         0         0         0
         0         0         0         0         0         0         0
         0         0         0         0         0         0         0
         0         0         0         0         0         0         0
         0         0         0         0         0         0         0

  Columns 8 through 9 

         0         0
         0         0
         0         0
         0         0
         0         0
         0         0
         0         0
    0.5474         0
         0    0.0106
         0         0
         0         0
         0         0
         0         0
         0         0
         0         0
         0         0
         0         0
         0         0
         0         0
         0         0
         0         0
         0         0
         0         0
         0         0
         0         0
         0         0


v =

  Columns 1 through 7 

   -0.8777   -0.1202   -0.3401   -0.0400   -0.2621    0.0243    0.1648
    0.2086    0.0275   -0.7149   -0.0455    0.2852    0.2588   -0.0636
    0.1461   -0.6795    0.0742    0.2135    0.1091   -0.1232    0.6397
    0.1658    0.0001   -0.5190   -0.0990    0.1545   -0.0745    0.2238
   -0.1585   -0.0427    0.2523    0.0137    0.3455    0.8620    0.1135
   -0.0305    0.1703   -0.0456    0.6171   -0.0216    0.0132   -0.0129
    0.0583   -0.6653   -0.1157    0.1622   -0.1895    0.1351   -0.6566
   -0.0282    0.2018   -0.0991    0.7301    0.0183   -0.0005    0.0117
   -0.3272   -0.0944    0.0968    0.0252    0.8112   -0.3876   -0.2554

  Columns 8 through 9 

   -0.0377    0.0008
   -0.5379    0.0287
   -0.1711    0.0148
    0.7832    0.0214
    0.1840   -0.0062
    0.0425    0.7646
    0.1699   -0.0154
    0.0431   -0.6429
    0.0122    0.0180

Fn = reshape(v(:,9), 3, 3)'

Fn =

    0.0008    0.0287    0.0148
    0.0214   -0.0062    0.7646
   -0.0154   -0.6429    0.0180

[u d v] = svd(Fn);
d

d =

    0.7662         0         0
         0    0.6427         0
         0         0    0.0003

d(3,3) = 0

d =

    0.7662         0         0
         0    0.6427         0
         0         0         0

Fn = u*d*v'

Fn =

    0.0011    0.0287    0.0147
    0.0214   -0.0062    0.7646
   -0.0154   -0.6429    0.0180

F = T1n'*Fn*T2n

F =

    0.0000    0.0000   -0.0006
    0.0000   -0.0000    0.0078
   -0.0008   -0.0092    0.2866

uiopen('/home/mellor/class/csse461/matlab/PS4/epipolarViewer.m',1)
epipolarViewer(F, i1, i2)
uiopen('/home/mellor/class/csse461/matlab/PS4/K1_K2.mat',1)
E = K1'*F*K2

E =

    0.0434    1.1045    0.1863
    0.8256   -0.2403    4.5325
   -0.0961   -4.3118   -0.3254

[u d v] = svd(E);
d

d =

    4.6433         0         0
         0    4.4369         0
         0         0    0.0000

d(1,1) = (d(1,1)+d(2,2))/2

d =

    4.5401         0         0
         0    4.4369         0
         0         0    0.0000

d(2,2) = d(1,1)

d =

    4.5401         0         0
         0    4.5401         0
         0         0    0.0000

E = u*d*v'

E =

    0.0403    1.1226    0.1682
    0.8110   -0.3073    4.4554
   -0.0851   -4.3882   -0.2619

W = [0 -1 0; 1 0 0; 0 0 1]

W =

     0    -1     0
     1     0     0
     0     0     1

R = u*W*v'

R =

    0.9083    0.0299   -0.4172
   -0.0012    0.9976    0.0690
    0.4183   -0.0622    0.9062

T = u(:,3)

T =

    0.9682
   -0.0219
    0.2492

P1 = K1*[R T];
P2 = K2*[eye(3) zeros(3,1)];
X = triangulatePoints(P1, P2, ip1, ip2);
??? Error using ==> triangulatePoints
data points must be in the form of an 2xn array

X = triangulatePoints(P1, P2, ip1(1:2,:), ip2(1:2,:));
X

X =

  Columns 1 through 7 

    0.2774    0.1267    0.2808    0.3502    0.3562    0.2831   -0.0467
   -0.4538   -0.3192   -0.3229   -0.3264   -0.2309   -0.2313   -0.1892
    1.4456    1.3825    1.4620    1.4970    1.5068    1.4720    1.3042
    1.0000    1.0000    1.0000    1.0000    1.0000    1.0000    1.0000

  Columns 8 through 14 

    0.0508    0.6112    0.6973    0.1251   -0.2202   -0.1139   -0.0242
   -0.1597   -0.1357   -0.0396    0.1476    0.1362    0.0840   -0.1715
    1.5216    1.6383    1.6794    1.4174    1.6631    1.8236    1.6483
    1.0000    1.0000    1.0000    1.0000    1.0000    1.0000    1.0000

  Columns 15 through 21 

   -0.0238    0.0126    0.0134    0.0506   -0.2284   -0.1913   -0.4123
   -0.0533   -0.0492   -0.1660   -0.0436   -0.1919    0.0757    0.1092
    1.6540    1.5877    1.5836    1.5273    1.6336    1.9807    1.9655
    1.0000    1.0000    1.0000    1.0000    1.0000    1.0000    1.0000

  Columns 22 through 26 

   -0.5782   -0.4054   -0.6103   -0.2923   -0.5926
    0.0700   -0.2140   -0.2588   -0.5282    0.1187
    2.2616    1.9481    2.2597    2.3740    2.0164
    1.0000    1.0000    1.0000    1.0000    1.0000

R(3,:)*[eye(3) T]*X

ans =

  Columns 1 through 7 

    2.0864    1.9579    2.0946    2.1555    2.1610    2.0989    1.8062

  Columns 8 through 14 

    2.0422    2.3809    2.4482    1.9598    2.0387    2.2319    2.1264

  Columns 15 through 21 

    2.1244    2.0793    2.0831    2.0401    2.0289    2.3423    2.2340

  Columns 22 through 26 

    2.4354    2.2412    2.4407    2.6940    2.2042

R = u*W'*v'

R =

    0.9965   -0.0461    0.0694
   -0.0419   -0.9972   -0.0611
    0.0720    0.0580   -0.9957

P1 = K1*[R T];
X = triangulatePoints(P1, P2, ip1(1:2,:), ip2(1:2,:));
X

X =

  Columns 1 through 7 

   -0.2685   -0.1675   -0.2721   -0.3029   -0.3063   -0.2745    0.1050
    0.4387    0.4209    0.3127    0.2821    0.1985    0.2241    0.4270
   -1.3975   -1.8232   -1.4154   -1.2939   -1.2948   -1.4261   -2.9441
    1.0000    1.0000    1.0000    1.0000    1.0000    1.0000    1.0000

  Columns 8 through 14 

   -0.0917   -0.3782   -0.3942   -0.1704   -6.6792    0.9531    0.0663
    0.2871    0.0839    0.0224   -0.2009    4.1333   -0.7037    0.4722
   -2.7359   -1.0136   -0.9491   -1.9295   50.4606  -15.2704   -4.5383
    1.0000    1.0000    1.0000    1.0000    1.0000    1.0000    1.0000

  Columns 15 through 21 

    0.0658   -0.0280   -0.0296   -0.0920   -6.8905   -2.1439   -0.7941
    0.1482    0.1080    0.3605    0.0790   -5.7894    0.8482    0.2103
   -4.5958   -3.4867   -3.4390   -2.7681   49.2952   22.2044    3.7857
    1.0000    1.0000    1.0000    1.0000    1.0000    1.0000    1.0000

  Columns 22 through 26 

   -0.6078   -0.8205   -0.6052   -0.6970   -0.6641
    0.0735   -0.4332   -0.2566   -1.2597    0.1330
    2.3772    3.9429    2.2407    5.6619    2.2595
    1.0000    1.0000    1.0000    1.0000    1.0000

builtin('exit')
